2974000000000;289;0;סקסי 1277/2;1;0;0;0;0;0000-00-00;2014-03-20;153.99;2974;2974;
2974000000001;379;0;מכנס בוי פרינד1111;1;0;0;0;0;0000-00-00;2014-03-20;201.78;2974;2974;
2974000000002;319;0;שליצים1279;1;0;0;0;0;0000-00-00;2014-03-20;169.92;2974;2974;
2974000000003;249;0;1317;1;0;0;0;0;0000-00-00;2014-03-20;132.75;2974;2974;
2974000000004;279;0;יואל1277/1;1;0;0;0;0;0000-00-00;2014-03-20;148.68;2974;2974;
2974000000005;279;0;פולו1277;1;0;0;0;0;0000-00-00;2014-03-20;148.68;2974;2974;
2974000000006;289;0;מכנס נוחות1113/1;1;0;0;0;0;0000-00-00;2014-03-20;153.99;2974;2974;
2974000000007;219;0;סופיה לורן1901;1;0;0;0;0;0000-00-00;2014-03-20;116.82;2974;2974;
2974000000008;249;2;סקסי1429;1;0;0;0;0;0000-00-00;2014-03-20;132.75;2974;2974;
2974000000009;219;1;חולצה1898;1;0;0;0;0;0000-00-00;2014-03-20;116.82;2974;2974;
2974000000010;239;4;קשירה 1317/1;1;0;0;0;0;0000-00-00;2014-03-20;127.44;2974;2974;
2974000000011;199;1;שפיצים1317;1;0;0;0;0;0000-00-00;2014-03-20;106.2;2974;2974;
