2830000000045;139;0;חולצת פתחים בשרוול;1;0;0;0;0;0000-00-00;2014-02-25;74.23;13;13;
2830000000046;139;0;בד מרוח ודפוס;1;0;0;0;0;0000-00-00;2014-02-25;74.23;13;13;
2830000000047;139;0;גופיה שילוב דמוי עור;1;0;0;0;0;0000-00-00;2014-02-25;74.23;13;13;
2830000000048;169;0;שמלת פרנץ;1;0;0;0;0;0000-00-00;2014-02-25;90.16;13;13;
2830000000049;149;0;חולצת דפוס;1;0;0;0;0;0000-00-00;2014-02-25;79.54;13;13;
2830000000050;129;0;חולצה רחבה עם חתכים;1;0;0;0;0;0000-00-00;2014-02-25;68.92;13;13;
2830000000051;139;0;חולצת כיס;1;0;0;0;0;0000-00-00;2014-02-25;74.23;13;13;
2830000000052;139;0;פסים שילוב שיפון;1;0;0;0;0;0000-00-00;2014-02-25;74.23;13;13;
2830000000053;149;0;גופיה שילוב תחרה;1;0;0;0;0;0000-00-00;2014-02-25;79.54;13;13;
1425000000209;259;0;מכנס ברזיל 534;1;0;0;0;0;0000-00-00;2014-02-25;153.4;94;94;
1425000000210;279;0;מכנס גון גון 541;1;0;0;0;0;0000-00-00;2014-02-25;165.2;94;94;
1425000000211;259;0;טייץ פייזלי 545;1;0;0;0;0;0000-00-00;2014-02-25;153.4;94;94;
